TARGET_CLASS,search_budget,Size,Length,Generations,BranchCoverageBitString
org.apache.commons.math3.util.MathUtils,120,35,46,41,1111111111111111111111111111111111111111111111111111111111111111111
