TARGET_CLASS,search_budget,Size,Length,Generations,MethodNoExceptionCoverageBitString
gnu.trove.map.hash.TByteObjectHashMap,120,61,166,232,11111111111111111111111011111111111100001111111111111111111110011000101011100001111
