TARGET_CLASS,search_budget,Size,Length,Generations,WeakMutationCoverageBitString
org.apache.hadoop.yarn.client.cli.LogsCLI,120,10,38,143,11111111111111111111101001111111111111111100000000000000000000010000000000000000000000000000000000000000000000000000000000000000000000000000000000000000111111000000000000000000000000000000000000000000000000000000000000000000000000000000000000000000000000000000000000000000000000000000000011111111111111111111111111111111111111111111111111111111110000000000000000000000000000000000000000000000000000000000000000000000000000000000000000000000000000000000000000000000000000000000000000000000000000000000000000000000000000000000000000000000000000000000000000000000000000000000000000000000000000000000000000000000011100000111111000000000000000000000000000000000000000000000000001010111111000000000111110000000000
