TARGET_CLASS,search_budget,Size,Length,Generations,CBranchCoverageBitString,BranchCoverageBitString
org.apache.hadoop.yarn.api.resource.PlacementConstraint,120,80,425,508,1111110111111111111111111111111111111111111111111111111111111111111111111111111010111111111111111111111111111111111111111111111111111111111111111111011001011111111111111111111111111111111111111111111111101,1111111111111111111111111111111111111111111111111111111101111111111111111111111011011111111111111111111111111111111111111111111111111111111111111111110010011111111111111111111111111111111111111111111111101
