TARGET_CLASS,search_budget,Size,Length,Generations,CBranchCoverageBitString
org.apache.hadoop.yarn.util.resource.ResourceUtils,120,37,93,200,111011101111111111010110100000101110010111100110000000000000001111110000000101111111110110101111111111101111110011011111010111011111000001010111010111111010111111100011011100010101011011000
