TARGET_CLASS,search_budget,Size,Length,Generations,MethodNoExceptionCoverageBitString
Menu,120,3,3,174,1110000
