TARGET_CLASS,search_budget,Size,Length,Generations,MethodCoverageBitString
org.apache.hadoop.yarn.server.resourcemanager.amlauncher.AMLauncher,120,1,3,663,1000000
