TARGET_CLASS,search_budget,Size,Length,Generations,CBranchCoverageBitString
gnu.trove.impl.hash.TCharHash,120,12,63,146,111110101011111111111111111111111111111111111111111111111000
